115
31.1667 19.8333
23.2333 24.65
35.9833 41.3667
46.75 31.7333
28.05 35.7
35.7 25.5
16.15 17.5667
11.6167 35.7
18.1333 35.1333
17.85 51.2833
26.35 45.3333
34.2833 58.3667
58.3667 47.3167
41.65 47.8833
63.1833 31.7333
69.4167 43.6333
47.8833 23.8
62.9 14.45
34.85 9.06667
37.6833 18.7
58.0833 6.51667
73.1 28.9
83.3 17.5667
92.0833 37.9667
77.6333 56.3833
77.0667 42.7833
94.0667 50.15
61.2 61.4833
62.6167 52.7
76.7833 88.1167
46.4667 73.3833
66.8667 71.4
90.95 66.0167
61.2 83.8667
49.5833 88.1167
27.2 76.5
40.2333 64.3167
20.9667 64.8833
16.15 86.9833
34.85 88.9667
38.5333 76.5
40.8 107.383
68.5667 96.6167
52.9833 95.7667
21.25 102.85
33.15 120.133
51 118.15
78.7667 105.117
103.133 84.7167
102.283 73.6667
85.85 86.9833
94.35 92.0833
111.633 74.8
107.667 61.7667
85.85 76.5
116.45 48.1667
88.6833 59.5
132.883 21.25
111.067 33.15
103.7 19.2667
92.0833 7.93333
96.05 27.4833
127.5 14.1667
101.433 41.3667
129.767 41.9333
128.067 64.6
120.417 62.05
111.35 158.1
150.733 154.983
163.767 132.6
156.967 110.217
154.7 98.3167
135.717 103.7
127.5 128.067
134.017 143.367
80.75 136.567
56.95 151.583
51 151.867
42.5 155.267
26.0667 145.35
43.6333 134.583
55.5333 133.733
77.0667 152.717
82.45 155.267
92.0833 129.2
105.967 105.683
142.8 90.1
112.2 124.383
141.667 57.2333
120.133 75.0833
109.083 90.3833
90.3833 110.5
76.2167 118.717
55.5333 126.65
21.25 131.467
11.05 112.767
7.36667 68
7.36667 41.0833
9.35 89.25
148.183 124.383
143.083 136
142.8 151.583
104.55 150.733
76.5 162.633
64.0333 157.25
18.9833 153.85
14.45 166.317
153.283 47.0333
152.717 85.85
141.383 76.5
128.067 84.4333
123.25 96.05
145.633 29.4667
121.267 53.55
151.867 17.5667
